rotation:
  w: 0.00322703445269
  x: 0.704780529792
  y: 0.709416731561
  z: 0.00137552009922
translation:
  x: 0.0
  y: 0.0
  z: 1357.02396049
